162.38
177.13
171.48
192.03
123.69
106.63
171.15
148.42
166.55
117.53
137.67
148.80
153.86
138.22
186.19
106.95
108.49
190.53
192.69
184.55
195.73
108.99
186.81
138.19
116.47
179.99
119.00
134.49
175.01
157.25
144.23
143.22
133.37
115.13
157.68
181.57
127.66
147.01
177.24
136.37
101.68
102.54
191.99
135.04
107.65
184.61
186.46
171.19
135.00
194.30
106.27
116.08
153.97
120.89
152.35
163.43
103.02
122.32
178.26
161.63
106.50
131.52
117.70
184.90
181.89
154.05
188.14
182.92
185.19
193.06
100.23
126.95
146.95
149.56
152.47
139.89
171.81
197.33
106.14
157.41
109.80
125.13
116.12
117.89
159.07
171.70
140.09
119.93
126.65
153.30
160.62
118.04
156.17
197.79
132.60
149.38
129.83
154.69
111.92
197.44
165.55
146.29
130.28
102.26
159.57
161.41
155.87
120.74
170.12
170.33
119.84
125.93
197.82
157.32
194.60
109.17
195.49
125.13
181.40
115.41
131.21
125.17
102.00
198.63
136.62
106.31
191.94
131.70
195.06
155.59
161.51
142.93
163.37
124.75
124.48
180.33
175.28
198.25
194.41
123.61
144.36
160.15
113.77
174.07
170.36
159.99
111.84
152.73
153.69
161.32
184.20
128.53
140.13
180.18
148.70
179.78
149.84
185.45
160.54
164.61
193.44
138.37
162.74
139.26
141.28
194.03
107.30
116.41
191.61
174.21
106.87
100.08
178.32
148.11
167.42
168.73
169.64
124.83
108.06
103.18
135.39
170.32
195.91
172.69
102.15
109.71
111.01
198.70
173.60
166.31
109.25
113.53
165.95
118.05
169.62
119.06
197.62
123.21
196.13
129.21
176.24
178.92
194.70
149.13
146.63
127.55
160.34
103.87
198.39
119.03
191.03
180.06
183.69
170.48
191.50
184.76
162.20
138.30
141.85
157.89
172.91
132.53
184.26
196.61
130.69
158.39
124.20
163.31
159.04
165.82
151.73
152.22
100.27
124.13
163.18
184.06
188.77
116.05
103.86
183.07
134.33
163.01
158.32
165.99
138.26
151.97
186.40
138.87
157.11
132.77
140.34
154.44
136.43
194.89
101.24
129.72
159.91
112.21
141.46
162.05
198.29
165.77
153.75
109.91
196.51
115.25
187.47
124.40
107.93
192.56
197.85
127.01
169.79
133.33
144.75
129.79
115.54
145.21
174.56
185.18
136.51
136.31
180.47
134.51
137.88
191.10
164.66
196.48
182.13
186.76
119.14
199.96
176.78
188.36
101.16
119.07
142.80
147.97
103.76
112.79
194.99
159.71
112.42
106.01
176.22
190.48
194.72
174.67
113.88
114.34
191.41
113.65
108.53
127.50
164.67
172.70
122.50
110.48
111.98
143.29
109.13
134.00
172.62
167.02
112.35
176.18
137.82
115.02
170.32
129.84
125.37
156.86
177.39
130.93
194.70
197.54
193.74
131.75
159.55
111.34
143.74
175.66
101.81
142.81
110.69
104.47
102.43
176.42
118.44
143.65
182.92
199.33
188.03
165.96
194.79
194.21
171.87
130.10
102.91
102.92
196.84
126.81
183.88
196.15
193.11
142.72
100.55
168.75
145.73
169.00
119.89
156.16
182.85
141.09
113.13
133.50
105.65
193.95
113.94
115.29
173.22
157.26
113.67
121.60
178.32
195.08
140.89
114.08
188.97
115.21
106.42
134.04
185.10
134.89
195.23
193.99
189.55
191.80
151.31
183.98
178.33
131.55
133.07
154.29
156.40
186.64
113.14
127.71
102.01
185.31
158.66
175.58
115.13
193.68
156.16
164.91
153.94
199.52
138.40
146.42
106.71
191.80
129.67
106.97
126.05
176.64
150.81
154.40
147.49
197.36
115.52
137.29
125.01
194.01
105.43
127.84
142.22
145.87
133.06
112.26
100.13
189.72
188.96
139.53
139.66
195.72
122.24
176.94
130.31
113.51
121.88
108.93
145.21
171.31
150.77
193.99
147.15
122.82
133.64
163.98
130.01
188.27
115.71
109.97
196.16
129.05
189.72
148.99
100.93
128.32
135.51
107.65
162.94
124.17
128.76
189.82
120.94
156.34
153.01
118.23
116.37
142.66
192.86
152.84
194.39
197.26
195.13
192.24
145.71
138.94
159.40
158.81
156.39
115.25
160.07
153.06
193.56
185.32
107.45
138.17
131.12
162.99
127.56
181.77
111.69
120.60
177.07
138.91
148.16
193.34
112.96
107.20
191.67
104.33
104.68
123.55
131.59
151.22
110.92
100.06
147.17
156.85
142.62
116.34
101.07
188.10
199.23
194.88
150.00
190.20
196.25
187.17
149.57
166.79
198.63
188.70
146.82
159.92
136.68
183.45
186.97
149.08
109.29
190.19
108.39
192.92
172.35
146.28
164.27
183.82
169.60
118.22
188.40
171.34
187.74
172.27
117.55
137.91
107.99
173.54
193.82
177.70
182.25
107.32
196.36
137.99
183.55
132.48
193.71
131.17
167.72
183.70
165.95
115.18
136.10
136.46
118.38
170.23
107.45
136.75
197.71
170.61
191.36
176.22
125.99
161.69
105.23
162.49
187.32
104.27
192.05
194.46
138.43
141.25
177.42
102.60
165.10
174.71
150.52
155.86
173.50
115.53
166.30
167.88
188.01
182.23
143.63
158.21
125.24
180.77
177.93
136.75
127.64
193.10
195.65
183.51
169.57
138.27
152.74
189.94
193.80
147.46
119.78
112.88
196.87
111.54
101.94
167.82
158.08
118.33
114.10
154.10
198.87
195.45
168.11
161.61
166.80
114.50
132.52
155.63
161.38
192.13
193.06
174.86
157.94
144.67
176.63
105.83
140.10
114.11
101.18
116.48
121.27
185.65
178.90
141.40
121.39
159.37
131.59
111.71
166.44
121.97
173.19
113.71
194.90
188.70
177.06
142.25
188.19
149.64
173.05
186.86
190.01
160.27
113.19
152.04
143.31
161.55
103.70
166.41
153.19
101.50
125.83
179.85
178.76
157.16
158.28
182.50
167.98
123.43
170.06
105.13
175.37
143.96
174.04
176.23
144.78
107.48
118.84
118.35
196.63
123.40
149.33
163.07
132.26
119.86
184.71
152.31
156.97
178.77
146.96
172.29
127.35
133.58
122.48
135.51
149.01
107.59
154.63
186.04
185.89
163.23
146.36
154.16
194.26
166.26
198.22
127.00
160.70
142.49
119.60
134.03
106.61
119.33
128.62
168.45
119.19
199.64
199.85
178.38
183.28
111.11
127.70
165.57
117.37
110.88
148.50
123.55
162.39
102.09
104.26
131.79
132.26
136.81
137.17
198.31
111.88
137.96
175.62
108.93
179.59
172.01
109.50
198.33
139.11
143.48
155.49
105.22
168.86
162.72
181.57
112.28
135.48
159.06
193.89
199.67
172.54
172.93
189.02
160.60
195.80
162.56
139.84
136.93
111.58
103.69
114.20
133.56
176.60
143.72
122.43
161.29
183.95
195.97
151.37
139.68
182.96
124.10
171.10
163.69
188.36
171.94
193.41
101.04
198.32
139.81
120.68
140.62
120.01
194.85
147.98
156.72
196.64
129.80
172.08
188.63
140.31
152.60
116.55
160.62
101.48
197.20
104.12
183.43
147.63
195.07
194.31
185.23
181.33
136.38
157.43
117.23
100.89
180.16
174.38
167.31
195.75
143.14
135.88
193.30
173.04
108.91
164.28
157.25
131.70
150.78
196.53
101.49
136.39
154.39
148.07
158.01
194.53
159.57
123.46
123.60
106.66
114.80
152.29
165.27
143.13
152.13
106.51
142.32
197.78
145.66
198.78
145.00
183.62
112.43
170.45
152.75
164.36
151.14
152.85
109.78
161.10
190.84
125.29
100.12
133.82
139.81
199.75
180.18
113.83
182.91
133.46
192.68
155.03
174.60
107.76
142.63
179.41
114.49
114.69
163.57
115.57
172.38
161.10
139.94
167.31
150.61
133.98
180.42
104.43
132.88
170.84
155.99
137.21
170.85
143.73
126.62
122.17
102.37
197.05
180.75
147.74
178.72
175.42
102.98
165.47
101.89
140.30
167.07
164.85
137.65
101.83
123.71
138.02
175.35
185.86
115.51
144.42
151.10
115.19
105.41
164.73
137.39
108.65
148.56
128.59
129.47
192.26
173.13
111.19
126.16
172.27
160.55
120.06
111.34
141.86
132.01
135.32
191.14
180.20
154.68
124.11
131.53
155.56
178.65
123.23
170.95
162.51
103.32
172.50
153.77
107.40
150.80
186.11
141.40
106.11
193.06
168.89
110.35
173.07
139.32
120.29
138.71
161.94
140.83
120.20
116.41
164.53
111.20
157.25
188.00
187.08
192.24
143.32
151.51
100.55
117.48
155.60
192.27
105.23
138.78
161.62
125.91
159.06
184.86
